[[[-0.33137026 -0.96587926  0.61636811 -1.07211375 -0.32497641]
  [-0.31194323 -0.73209363 -0.12520927 -0.39353508 -0.29877508]
  [-0.30794495 -0.02522067  0.66148752 -0.05282453 -0.29865873]
  ..., 
  [-0.21267021  0.10152292 -0.28895614  0.55128628  0.0844394 ]
  [-0.2054411  -0.61274195 -0.08743936 -0.01065428 -0.23246904]
  [-0.13387252  0.6240831   0.78757113  0.35187986  0.2899133 ]]

 [[-0.31194323 -0.73209363 -0.12520927 -0.39353508 -0.29877508]
  [-0.30794495 -0.02522067  0.66148752 -0.05282453 -0.29865873]
  [ 0.          0.          0.          0.          0.        ]
  ..., 
  [-0.2054411  -0.61274195 -0.08743936 -0.01065428 -0.23246904]
  [-0.13387252  0.6240831   0.78757113  0.35187986  0.2899133 ]
  [-0.21214387  0.5128026   0.14966746  0.1846123  -0.57404834]]

 [[-0.30794495 -0.02522067  0.66148752 -0.05282453 -0.29865873]
  [ 0.          0.          0.          0.          0.        ]
  [ 0.          0.          0.          0.          0.        ]
  ..., 
  [-0.13387252  0.6240831   0.78757113  0.35187986  0.2899133 ]
  [-0.21214387  0.5128026   0.14966746  0.1846123  -0.57404834]
  [ 0.          0.          0.          0.          0.        ]]

 ..., 
 [[-0.21533099 -0.16598724  0.04032304 -0.18126993 -0.43165863]
  [-0.18869832  1.59892321  0.87156379  0.7711001   0.30799681]
  [ 0.          0.          0.          0.          0.        ]
  ..., 
  [-0.24900134 -0.42443812 -0.50370067 -0.47471425 -0.49860406]
  [-0.16475211 -1.08396876  0.77270412 -0.63797349  1.17077172]
  [-0.20514162 -0.02988958 -0.18566804 -0.13120024 -0.64560044]]

 [[-0.24900134 -0.42443812 -0.50370067 -0.47471425 -0.49860406]
  [-0.16475211 -1.08396876  0.77270412 -0.63797349  1.17077172]
  [-0.20514162 -0.02988958 -0.18566804 -0.13120024 -0.64560044]
  ..., 
  [ 0.01080421  1.81248093  1.73523128  1.62226427  0.50558835]
  [-0.04431781  1.73194993  1.11488116  1.1658529  -0.2303804 ]
  [-0.18452103 -0.32973418  0.21612881 -0.34557122 -0.88986278]]

 [[-0.16475211 -1.08396876  0.77270412 -0.63797349  1.17077172]
  [-0.20514162 -0.02988958 -0.18566804 -0.13120024 -0.64560044]
  [ 0.          0.          0.          0.          0.        ]
  ..., 
  [-0.04431781  1.73194993  1.11488116  1.1658529  -0.2303804 ]
  [-0.18452103 -0.32973418  0.21612881 -0.34557122 -0.88986278]
  [-0.13669786  0.63026345 -0.14381082 -0.93608701  0.89484566]]]